978944103
1897136908
651390473
5893684274
5994324204
6628931570
6999753276
1664310688
6450363603
5637877279
1406420763
6987250374
5533027432
6599896462
7294644179
1820170254
6527791169
1424758624
634560917
978944103
1897136908
651390473
5893684274
5994324204
6628931570
6999753276
1664310688
6450363603
5637877279
1406420763
6987250374
5533027432
5762517365
6599896462
7294644179
1820170254
6527791169
1424758624
634560917
978944103
978944103
1897136908
651390473
5893684274
5994324204
6628931570
6999753276
1664310688
6450363603
5637877279
1406420763
6987250374
5533027432
5762517365
6599896462
7294644179
1820170254
6527791169
1424758624
634560917
978944103
1897136908
651390473
5893684274
5994324204
6628931570
6999753276
1664310688
6450363603
5637877279
1406420763
6987250374
5533027432
5762517365
6599896462
7294644179
1820170254
6527791169
1424758624
634560917
978944103
1897136908
651390473
5893684274
5994324204
6628931570
6999753276
1664310688
6450363603
5637877279
1406420763
6987250374
5533027432
5762517365
6599896462
7294644179
1820170254
6527791169
1424758624
634560917
