978944103
1897136908
651390473
5893684274
972544470875
972544470926
972544470960
972544471013
972544471043
972544471048
972544471057
972544471127
972544471210
972544471216
972544471334
972544471341
972544471552
972544471566
972544471594
972544471744
972544471775
972544471886
972544471889
972544471910
972544471974
972544472012
972544472058
972544472336
972544472592
972544472653
972544472742
972544472773
972544472888
972544473269
972544473294
972544473310
972544473359
972544473366
972544473398
972544473492
972544473531
972544473866
972544474167
972544474250
972544474481
972544474520
972544474569
972544474976
972544474996
972544475179
972544475180
972544475269
972544475391
972544475570
972544475612
972544475718
972544476003
972544476031
972544476051
972544476067
972544476137
972544476149
972544476501
972544476575
972544476648
972544476736
972544476773
972544476919
972544476929
972544476969
972544477098
972544477338
972544477339
972544477409
972544477482
972544477539
972544477584
972544477617
972544477625
972544477758
972544478290
972544478309
972544478323
972544478328
972544478423
972544478476
972544478696
972544478709
972544478721
972544478849
972544478923
972544479175
972544479177
972544479301
972544479532
972544479628
972544479669
972544479693
972544479771
972544479976
972544480124
972544480199
972544480244
972544480394
972544480483
972544480655
972544480933
972544480936
972544481093
972544481282
972544481336
972544481355
972544481373
972544481482
972544481577
972544481772
972544481854
972544481974
972544482121
972544482137
972544482491
972544482494
972544482644
972544482811
972544483085
972544483140
972544483292
972544483323
972544483339
972544483431
972544483569
972544483609
972544483667
972544483720
972544483787
972544483835
972544484139
972544484178
972544484409
972544484416
972544484493
972544484650
972544484742
972544484771
972544485096
972544485198
972544485475
972544485692
972544485771
972544486245
972544487075
972544487191
972544487628
972544487723
972544487857
972544487872
972544487927
972544487932
972544487998
972544488014
972544488034
972544488222
972544488233
972544489789
972544489936
972544494523
972544494571
972544494647
972544494760
972544494786
972544494941
972544495016
972544495155
972544495413
972544495431
972544495461
972544495496
972544495556
972544495956
972544495986
972544496019
972544496074
972544496079
972544496166
972544496323
972544496375
972544496507
972544496519
972544496645
972544496651
972544496691
972544497198
972544497494
972544497533
972544497612
972544497686
972544497798
972544497959
972544498056
972544498515
972544498535
972544498592
972544498716
972544498736
972544498789
972544498905
972544499060
972544499067
972544499069
972544499075
972544499086
972544499087
972544499141
972544499169
972544499510
972544499515
972544499533
972544499562
972544499642
972544500079
972544500169
972544500318
972544500576
972544500577
972544500591
972544500643
972544500742
972544500861
972544501167
972544501352
972544501513
972544501640
972544501677
972544501818
972544501924
972544502436
972544502674
972544503089
972544503146
972544504475
972544504477
972544509573
972544509577
972544509649
972544509723
972544510323
972544510680
972544510990
972544511097
972544511323
972544511580
972544511651
972544511687
972544511694
972544511964
972544511965
972544512200
972544512299
972544512666
972544512991
972544513049
972544513123
972544513400
972544513735
972544513789
972544513976
972544514327
972544514448
972544514824
972544514855
972544515002
972544515557
972544515755
972544515799
972544515823
972544515889
972544516055
972544516098
972544516301
972544516334
972544516444
972544516524
972544516526
972544516560
972544516600
972544516992
972544517079
972544517114
972544517442
972544517457
972544517484
972544517534
972544517751
972544517819
972544518007
972544518217
972544518300
972544518390
972544518735
972544518893
972544518963
972544518967
972544518971
972544518999
972544519097
972544519210
972544519433
972544519577
972544519639
972544519671
972544519892
972544519906
972544520057
972544520242
972544520363
972544520382
972544520534
972544520818
972544521209
972544521549
972544521742
972544521808
972544522251
972544522266
972544522462
972544522489
972544522498
972544522625
972544522630
972544522645
972544522701
972544522989
972544523292
972544523896
972544523897
972544523996
972544524101
972544524126
972544524352
972544524479
972544524500
972544524928
972544524969
972544525060
972544525167
972544525317
972544525381
972544525604
972544525917
972544525991
972544526390
972544526422
972544526597
972544526870
972544526930
972544527159
972544527469
972544528626
972544528751
972544528992
972544529017
972544529047
972544529217
972544529412
972544529531
972544530095
972544530169
972544530216
972544530612
972544530701
972544531428
972544531430
972544531699
972544531748
972544531818
972544531850
972544531971
972544532003
972544532189
972544532359
972544532515
972544532525
972544532575
972544532632
972544532652
972544532742
972544532771
972544532851
972544533000
972544533036
972544533116
972544533254
972544533392
972544533627
972544533654
972544534252
972544534343
972544534659
972544534661
972544534699
972544534789
972544534989
972544535213
972544535230
972544535293
972544535355
972544535407
972544535607
972544535701
972544535828
972544535889
972544535919
972544536097
972544536420
972544536499
972544536600
972544536653
972544536655
972544536820
972544537130
972544537224
972544537378
972544537654
972544537684
972544538032
972544538037
972544538220
972544538349
972544538391
972544538553
972544538681
972544539069
972544539165
972544539278
972544539306
972544539561
972544539608
972544539716
972544539719
972544539760
972544540370
972544540379
972544540542
972544540736
972544540902
972544541041
972544541460
972544541490
972544541567
972544541588
972544541627
972544541962
972544541977
972544542149
972544542340
972544542511
972544542634
972544542723
972544542724
972544542765
972544542877
972544543066
972544543203
972544543350
972544543407
972544543476
972544543618
972544544021
972544544088
972544544364
972544544480
972544544624
972544544661
972544544679
972544544691
972544544724
972544544726
972544544760
972544544772
972544544895
972544544900
972544545026
972544545103
972544545184
972544545197
972544545272
972544545542
972544545560
972544545659
972544545868
972544545911
972544545924
972544546132
972544546134
972544546184
972544546212
972544546279
972544546343
972544546344
972544546348
972544546398
972544546423
972544546430
972544546509
972544546519
972544546580
972544546863
972544546999
972544547030
972544547190
972544547298
972544547383
972544547415
972544547417
972544547898
972544547901
972544548088
972544548170
972544548202
972544548642
972544548850
972544549014
972544549277
972544549381
972544549387
972544549455
972544549465
972544549488
972544549659
972544549744
972544550061
972544550071
972544550368
972544550393
972544550483
972544550834
972544550835
972544550909
972544551344
972544551601
972544551613
972544551631
972544551735
972544551953
972544551961
972544552116
972544552322
972544552509
972544553962
972544554028
972544554030
972544554317
972544554549
972544554929
972544555084
972544555106
972544555157
972544555172
972544555310
972544555508
972544555534
972544555626
972544555627
972544555934
972544556596
972544556738
972544556837
972544556929
972544557274
972544557388
972544557615
972544557845
972544557884
972544557910
972544558194
972544558339
972544558595
972544558728
972544558815
972544558920
972544560591
972544560652
972544560786
972544562260
972544562261
972544562466
972544562759
972544562817
972544562903
972544562912
972544562927
972544563018
972544563067
972544563073
972544563313
972544563431
972544563669
972544563726
972544563759
972544563880
972544563952
972544563992
972544564099
972544564289
972544564578
972544564761
972544564839
972544564958
972544564961
972544565134
972544565177
972544565221
972544565272
972544565770
972544565844
972544566022
972544566024
972544566085
972544566091
972544566128
972544566366
972544566372
972544566418
972544566530
972544566712
972544566945
972544567113
972544567198
972544567202
972544567482
972544567493
972544567500
972544567841
972544567842
972544567856
972544567878
972544567910
972544568028
972544568278
972544568630
972544568635
972544568696
972544568838
972544569219
972544569295
972544569402
972544569478
972544569759
972544569798
972544570005
972544570028
972544570090
972544570118
972544570367
972544570478
972544570706
972544570888
972544571116
972544571387
972544571838
972544572027
972544572139
972544572272
972544572366
972544572464
972544572593
972544572640
972544572661
972544572710
972544572740
972544572951
972544573011
972544573025
972544573378
972544573463
972544573736
972544573805
972544573918
972544574060
972544574082
972544574299
972544574431
972544574639
972544574814
972544574991
972544575419
972544575517
972544575537
972544575643
972544575745
972544575806
972544575965
972544576072
972544576083
972544576177
972544576215
972544576510
972544576615
972544576798
972544576799
972544576945
972544577195
972544577198
972544577202
972544577469
972544577536
972544577553
972544577594
972544577651
972544577710
972544577789
972544577826
972544577887
972544577987
972544578557
972544578572
972544578580
972544578689
972544578772
972544579059
972544579314
972544579459
972544579575
972544579576
972544579662
972544579745
972544579931
972544580139
972544580202
972544580206
972544580378
972544580539
972544580623
972544580656
972544580713
972544580816
972544580818
972544581057
972544581153
972544581747
972544581768
972544581927
972544582023
972544582060
972544582220
972544582248
972544582361
972544582420
972544582514
972544582616
972544582652
972544582715
972544583069
972544583191
972544583302
972544583557
972544583590
972544583597
972544583616
972544583619
972544583792
972544583914
972544584310
972544584342
972544584407
972544584416
972544584718
972544584784
972544584887
972544584903
972544584999
972544585140
972544585155
972544585165
972544585348
972544585367
972544585562
972544585563
972544585764
972544585796
972544585867
972544585963
972544585967
972544586040
972544586056
972544586123
972544586148
972544586312
972544586628
972544586719
972544586835
972544586879
972544586996
972544587197
972544587433
972544587512
972544587621
972544587645
972544587822
972544587823
972544588062
972544588195
972544588218
972544588227
972544588234
972544588248
972544588302
972544588307
972544588522
972544588753
972544588863
972544588919
972544588957
972544589174
972544589573
972544590088
972544590256
972544590278
972544590414
972544590480
972544590585
972544591096
972544591155
972544591850
972544591851
972544591868
972544591991
972544592040
972544592083
972544592108
972544592269
972544592477
972544592516
972544592606
972544592841
972544592882
972544592976
972544592985
972544593043
972544593228
972544593321
972544593429
972544593465
972544593486
972544593622
972544593645
972544593962
972544594244
972544594318
972544594656
972544594850
972544594914
972544595237
972544595361
972544595647
972544595648
972544595775
972544595803
972544596010
972544596036
972544596091
972544596120
972544596318
972544596468
972544596600
972544596604
972544596731
972544596904
972544597003
972544597062
972544597163
972544597288
972544597330
972544597411
972544597553
972544597599
972544597762
972544597904
972544598392
972544598500
972544598666
972544598937
972544599110
972544599366
972544599443
972544599612
972544599712
972544599719
972544599779
972544599818
972544599994
972544599998
972544600059
972544600212
972544601075
972544601113
972544601240
972544601243
972544601377
972544601423
972544601548
972544601689
972544601760
972544601850
972544601914
972544602127
972544602253
972544602383
972544602881
972544603058
972544603084
972544603389
972544603426
972544603542
972544603733
972544603781
972544603834
972544603897
972544604004
972544604020
972544604073
972544604102
972544604207
972544604332
972544604454
972544604508
972544604521
972544604612
972544604798
972544605003
972544605115
972544605216
972544605594
972544605610
972544605957
972544606149
972544606195
972544606262
972544606478
972544606564
972544606732
972544607103
972544607585
972544607709
972544607856
972544608179
972544608290
972544608303
972544608544
972544608668
972544608812
972544609044
972544609054
972544609235
972544609386
972544609576
972544609577
972544609605
972544609783
972544609857
972544609858
972544609862
972544610102
972544610194
972544610211
972544610487
972544610800
972544610871
972544611055
972544611085
972544611231
972544611555
972544611754
972544612084
972544612156
972544612165
972544612200
972544612250
972544612364
972544612480
972544612564
972544612939
972544613239
972544613243
972544613423
972544613614
972544613791
972544613897
972544613902
972544613943
972544614142
972544614347
972544614618
972544614635
972544614682
972544615011
972544615029
972544615097
972544615144
972544615189
972544615253
972544615282
972544615295
972544615564
972544615567
972544615655
972544615717
972544616300
972544616525
972544616538
972544616618
972544616738
972544616801
972544616833
972544617127
972544617323
972544617336
972544617345
972544617505
972544617573
972544617670
972544617793
972544617955
972544618066
972544618111
972544618232
972544618691
972544618741
972544618794
972544618860
972544618887
972544619163
972544619168
972544619323
972544619380
972544619394
972544619577
972544619583
972544619608
972544619620
972544619687
972544620036
972544620233
972544620913
972544621250
972544621299
972544621326
972544621404
972544621623
972544621822
972544621963
972544622061
972544622262
972544622314
972544622469
972544622622
972544622630
972544622641
972544622751
972544622860
972544623089
972544623111
972544623193
972544623211
972544623345
972544623407
972544623724
972544623903
972544624107
972544624503
972544624540
972544624767
972544626004
972544626145
972544626495
972544626497
972544626654
972544626683
972544626788
972544626912
972544627999
972544628012
972544628023
972544628154
972544628218
972544628232
972544628377
972544628455
972544628480
972544628888
972544628949
972544629022
972544629147
972544629288
972544629356
972544629429
972544629727
972544629743
972544629981
972544630072
972544630120
972544630121
972544630140
972544630204
972544630255
972544630278
972544630317
972544630557
972544630621
972544630827
972544630836
972544631040
972544631060
972544631141
972544631237
972544631321
972544631445
972544631491
972544631882
972544631949
972544631961
972544632020
972544632052
972544632098
972544632206
972544632286
972544632326
972544632339
972544632484
972544632853
972544633084
972544633230
972544633304
972544633306
972544633434
972544633625
972544633657
972544634024
972544634066
972544634110
972544634155
972544634179
972544634241
972544634309
972544634353
972544634362
972544634546
972544634632
972544634793
972544635267
972544635269
972544635302
972544635350
972544635504
972544635505
972544635602
972544635610
972544635618
972544635675
972544635678
972544635690
972544635748
972544635769
972544635879
972544635985
972544636022
972544636024
972544636032
972544636050
972544636079
972544636097
972544636104
972544636105
972544636283
972544636461
972544636473
972544636512
972544636550
972544636581
972544636603
972544636642
972544636645
972544636732
972544636880
972544636883
972544637323
972544637383
972544637406
972544637411
972544637523
972544637627
972544637662
972544637964
972544638095
972544638108
972544638281
972544638387
972544638403
972544638456
972544638675
972544638678
972544638758
972544638837
972544638901
972544639073
972544639077
972544639081
972544639463
972544639699
972544639710
972544639882
972544639931
972544640367
972544640431
972544640543
972544640636
972544640781
972544640963
972544641032
972544641079
972544641132
972544641160
972544641188
972544641220
972544641666
972544641728
972544641782
972544641808
972544642051
972544642054
972544642166
972544642272
972544642274
972544642409
972544642491
972544642687
972544642770
972544642820
972544642909
972544642945
972544643032
972544643036
972544643057
972544643071
972544643073
972544643074
972544643130
972544643186
972544643242
972544643554
972544643613
972544643724
972544643875
972544644066
972544644119
972544644266
972544644336
972544644345
972544644400
972544644510
972544644618
972544644643
972544644694
972544644822
972544645057
972544645192
972544645391
972544645820
972544645960
972544646374
972544646634
972544646710
972544646733
972544646734
972544646885
972544646905
972544646932
972544647065
972544647119
972544647209
972544647247
972544647398
972544647410
972544647597
972544647921
972544648214
972544648532
972544648552
972544649006
972544649173
972544649276
972544649334
972544649380
972544649429
972544649471
972544649577
972544649599
972544649777
972544649968
972544650006
972544650205
972544650227
972544650249
972544650251
972544650268
972544650542
972544650626
972544650679
972544651144
972544651339
972544651433
972544651654
972544651687
972544651789
972544651843
972544651880
972544652014
972544652306
972544652314
972544652436
972544652630
972544652888
972544653103
972544653160
972544653162
972544653166
972544653367
972544653799
972544654035
972544654095
972544654208
972544654222
972544654284
972544654323
972544654497
972544654720
972544654798
972544654932
972544655389
972544655704
972544655733
972544655755
972544655799
972544655817
972544656242
972544656544
972544656548
972544656627
972544656671
972544656719
972544656770
972544656958
972544657059
972544657106
972544657200
972544657271
972544657450
972544657470
972544657659
972544657675
972544657676
972544657721
972544658143
972544658160
972544658349
972544658528
972544658580
972544658628
972544658751
972544658992
972544659033
972544659298
972544659408
972544659442
972544659888
972544659946
972544659955
972544659960
972544660029
972544660180
972544660365
972544660714
972544660721
972544660878
972544660936
972544661200
972544661261
972544661374
972544661482
972544661498
972544661518
972544661758
972544661973
972544662122
972544662199
972544662284
972544662289
972544662386
972544662445
972544662635
972544662773
972544663054
972544663087
972544663186
972544663247
972544663303
972544663454
972544663457
972544663610
972544663637
972544663681
972544663836
972544664289
972544664511
972544664743
972544664878
972544664959
972544665023
972544665093
972544665142
972544665329
972544665505
972544665529
972544665551
972544665602
972544665712
972544665756
972544665862
972544666039
972544666220
972544666362
972544666370
972544666475
972544666658
972544666736
972544666831
972544666976
972544667063
972544667258
972544667285
972544667361
972544667536
972544667798
972544667810
972544667832
972544667867
972544668451
972544668453
972544668467
972544668998
972544669106
972544669176
972544669383
972544669465
972544669532
972544669538
972544669793
972544670133
972544670249
972544670421
972544670645
972544670655
972544670764
972544670830
972544670975
972544671111
972544671204
972544671205
972544671208
972544671222
972544671230
972544671374
972544671395
972544671466
972544671480
972544671721
972544671771
972544671772
972544671776
972544671827
972544672017
972544672139
972544672226
972544672285
972544672553
972544673008
972544673009
972544673399
972544673434
972544673477
972544673546
972544673564
972544673593
972544673666
972544674055
972544674260
972544674384
972544674413
972544674598
972544674690
972544674715
972544674775
972544674836
972544674857
972544674943
972544675024
972544675030
972544675111
972544675323
972544675706
972544675746
972544675853
972544675873
972544676174
972544676373
972544676625
972544676669
972544676682
972544676706
972544676711
972544676767
972544676841
972544676850
972544676881
972544676950
972544676954
972544676971
972544676972
972544677047
972544677288
972544677522
972544677628
972544677798
972544677986
972544678006
972544678094
972544678197
972544678272
972544678330
972544678435
972544678466
972544678500
972544678794
972544678880
972544678974
972544678978
972544679194
972544679238
972544679298
972544679316
972544679551
972544679625
972544679756
972544679809
972544679811
972544679822
972544679879
972544680079
972544680294
972544680302
972544680334
972544680394
972544681075
972544681123
972544681186
972544681459
972544681533
972544681536
972544682053
972544682112
972544682612
972544682702
972544682748
972544682995
972544683039
972544683221
972544683393
972544683398
972544683779
972544683840
972544683909
972544683910
972544683999
972544684269
972544684271
972544684419
972544684425
972544684455
972544684599
972544684789
972544684797
972544684802
972544684838
972544684883
972544685002
972544685004
972544685209
972544685361
972544685550
972544685591
972544686106
972544686222
972544686311
972544686377
972544686459
972544686669
972544686727
972544687037
972544687287
972544687482
972544687743
972544687939
972544687959
972544688112
972544688255
972544688616
972544688782
972544689081
972544689365
972544689559
972544689722
972544689811
972544689877
972544690041
972544690085
972544690196
972544690202
972544690330
972544690331
972544690373
972544690563
972544690577
972544690922
972544690992
972544691001
972544691057
972544691104
972544691531
972544691665
972544691784
972544691930
972544692052
972544692056
972544692327
972544692476
972544692588
972544692634
972544692729
972544692747
972544693108
972544693109
972544693254
972544693891
972544693934
972544694141
972544694442
972544694618
972544695080
972544695198
972544695261
972544695381
972544695493
972544695724
972544696102
972544696152
972544696273
972544696600
972544696605
972544697280
972544697444
972544697572
972544697800
972544697926
972544698333
972544698339
972544698385
972544698487
972544698637
972544698687
972544698911
972544698959
972544698984
972544699202
972544699235
972544699258
972544699431
972544699613
972544699623
972544699720
972544699912
972544700390
972544700466
972544700540
972544700777
972544700868
972544701021
972544701086
972544701180
972544701195
972544701362
972544701442
972544701547
972544701663
972544701706
972544701777
972544701878
972544701885
972544701925
972544702115
972544702303
972544702457
972544702720
972544702762
972544702999
972544703134
972544703470
972544703544
972544703693
972544703911
972544704027
972544704052
972544704123
972544704488
972544704500
972544704666
972544704687
972544704705
972544704800
972544704850
972544704991
972544705460
972544706448
972544706754
972544707073
972544707259
972544707405
972544707477
972544707684
972544707875
972544707996
972544708024
972544708073
972544708329
972544708549
972544708581
972544708584
972544708878
972544708899
972544709029
972544709073
972544709095
972544709600
972544709622
972544709633
972544709649
972544709736
972544709777
972544709900
972544709946
972544710147
972544710194
972544710422
972544710554
972544710678
972544710789
972544710817
972544710829
972544711125
972544711133
972544711235
972544711366
972544711387
972544711727
972544712040
972544712097
972544712269
972544712271
972544712412
972544712556
972544712595
972544712726
972544712750
972544712795
972544713255
972544713300
972544713335
972544713372
972544713671
972544713718
972544713739
972544713897
972544714365
972544714488
972544714551
972544714578
972544714800
972544714886
972544714891
972544715005
972544715038
972544715371
972544715414
972544715619
972544715712
972544715745
972544716090
972544716235
972544716276
972544716353
972544716477
972544716576
972544716655
972544716660
972544716798
972544716800
972544716980
972544717009
972544717100
972544717490
972544717764
972544718009
972544718048
972544718159
972544718226
972544718248
972544718301
972544718615
972544718775
972544718898
972544719310
972544719503
972544719518
972544719798
972544719910
972544720028
972544720179
972544720248
972544720458
972544720551
972544720580
972544720887
972544720938
972544721169
972544721444
972544721536
972544721545
972544721578
972544721580
972544721744
972544721847
972544721924
972544721957
972544722064
972544722225
972544722249
972544722477
972544722552
972544722612
972544722614
972544723053
972544723170
972544723191
972544723241
972544723309
972544723333
972544723500
972544723563
972544723575
972544723994
972544724314
972544724438
972544724840
972544724946
972544724948
972544725179
972544725185
972544725186
972544725546
972544726206
972544726262
972544726448
972544726449
972544726501
972544726564
972544726565
972544726670
972544726723
972544726779
972544726808
972544726831
972544726961
972544727099
972544727106
972544727257
972544727401
972544727490
972544727764
972544727776
972544727834
972544727885
972544728051
972544728603
972544728812
972544728852
972544729121
972544729142
972544729460
972544729546
972544729686
972544729749
972544729829
972544729917
972544729969
972544729997
972544730803
972544731000
972544731008
972544731775
972544731956
972544732260
972544732306
972544732443
972544732444
972544732446
972544732613
972544732772
972544733017
972544733289
972544733300
972544733313
972544733358
972544733381
972544733392
972544733556
972544733871
972544733882
972544734034
972544734058
972544734074
972544734194
972544734252
972544734325
972544734333
972544734380
972544734949
972544735122
972544735160
972544735221
972544735522
972544735637
972544735745
972544736162
972544736368
972544736392
972544736468
972544736570
972544736938
972544737130
972544737388
972544737400
972544737460
972544737518
972544737556
972544737726
972544738075
972544738151
972544738207
972544738463
972544738728
972544738815
972544738868
972544738870
972544739001
972544739012
972544739064
972544739147
972544739240
972544739586
972544739699
972544739888
972544739893
972544740046
972544740112
972544740144
972544740310
972544740551
972544740556
972544740715
972544740887
972544741229
972544741357
972544741494
972544741564
972544741617
972544741632
972544741882
972544741969
972544742195
972544742200
972544742314
972544742742
972544743348
972544743472
972544743619
972544743627
972544743746
972544744104
972544744128
972544744262
972544744798
972544744960
972544744961
972544745007
972544745105
972544745163
972544745369
972544745796
972544745879
972544745884
972544746000
972544746027
972544746097
972544746718
972544746730
972544746846
972544746953
972544746958
972544747129
972544747158
972544747505
972544747512
972544747572
972544747618
972544747621
972544747708
972544747784
972544749308
972544749363
972544749477
972544749488
972544749509
972544749574
972544749775
972544749910
972544749932
972544750283
972544750580
972544751010
972544751188
972544751419
972544751445
972544751600
972544751648
972544751787
972544751880
972544752030
972544752070
972544752251
972544752300
972544752480
972544752888
972544753018
972544753063
972544753109
972544753403
972544753440
972544753445
972544753506
972544753523
972544753524
972544753602
972544753673
972544753905
972544753944
972544754267
972544754393
972544754555
972544755746
972544755880
972544755938
972544756112
972544756139
972544756382
972544756529
972544756560
972544756678
972544756728
972544756734
972544756746
972544757007
972544757105
972544757199
972544757216
972544757281
972544757369
972544757419
972544757539
972544757572
972544757582
972544757587
972544757622
972544757722
972544757910
972544757938
972544758178
972544758205
972544758305
972544758548
972544758678
972544758736
972544759056
972544759143
972544759162
972544759181
972544759314
972544759484
972544759518
972544759818
972544759888
972544760543
972544760639
972544760748
972544761099
972544761674
972544761926
972544762060
972544762293
972544762326
972544762561
972544762701
972544762952
972544763199
972544763247
972544763746
972544763766
972544763896
972544763955
972544764211
972544764591
972544764666
972544764838
972544764849
972544765319
972544765429
972544765717
972544765805
972544765893
972544765975
972544766039
972544766048
972544766223
972544766442
972544766799
972544766872
972544766915
972544767113
972544767124
972544767132
972544767238
972544767352
972544767396
972544767427
972544767859
972544767944
972544768484
972544768669
972544768750
972544768939
972544768948
972544769049
972544769065
972544769175
972544769555
972544769888
972544770131
972544770440
972544770495
972544770509
972544770533
972544770775
972544771204
972544771564
972544771602
972544771812
972544771825
972544771935
972544772101
972544772176
972544772280
972544773185
972544773321
972544773400
972544773582
972544773713
972544773854
972544773868
972544773978
972544774141
972544774284
972544774314
972544774892
972544774936
972544775007
972544775185
972544775448
972544775585
972544775726
972544776089
972544776094
972544776291
972544776566
972544776618
972544776644
972544776649
972544776838
972544776885
972544776893
972544776926
972544776939
972544776973
972544777129
972544777136
972544777185
972544777401
972544777446
972544777456
972544777838
972544777875
972544778060
972544778115
972544778286
972544778316
972544778403
972544778742
972544778772
972544778843
972544778898
972544778995
972544779273
972544779293
972544779869
972544780034
972544780079
972544780250
972544780324
972544781035
972544781070
972544781163
972544781292
972544781491
972544781520
972544781637
972544781657
972544781681
972544782095
972544782137
972544782184
972544782211
972544782446
972544782722
972544782812
972544783116
972544783225
972544783458
972544783501
972544784233
972544784239
972544784491
972544784649
972544784691
972544784705
972544784991
972544785072
972544785355
972544785391
972544785463
972544785509
972544785803
972544785842
972544785851
972544785985
972544786045
972544786471
972544786621
972544786655
972544786874
972544786987
972544787710
972544787841
972544787904
972544788063
972544788075
972544788142
972544788191
972544788290
972544788443
972544788467
972544788490
972544788504
972544789163
972544789183
972544789207
972544789266
972544789509
972544789714
972544789778
972544789911
972544790112
972544790117
972544790168
972544790224
972544790315
972544790336
972544790467
972544791007
972544791412
972544791472
972544792182
972544792222
972544792344
972544792519
972544792872
972544793526
972544793826
972544794290
972544794623
972544795176
972544795297
972544795446
972544795523
972544795533
972544795668
972544795682
972544795874
972544796008
972544796300
972544796580
972544796722
972544796813
972544797012
972544797800
972544797848
972544797930
972544797936
972544798165
972544798443
972544799013
972544799130
972544799338
972544799390
972544799441
972544799672
972544799840
972544800073
972544800083
972544800146
972544800614
972544801171
972544801247
972544801287
972544801478
972544801608
972544801869
972544802026
972544802030
972544802055
972544802058
972544802194
972544802256
972544802310
972544802353
972544802431
972544802434
972544802628
972544802717
972544802723
972544802770
972544802783
972544803069
972544803118
972544803454
972544803516
972544804064
972544804138
972544804184
972544804287
972544804293
972544804530
972544804551
972544804599
972544804686
972544804706
972544804767
972544804834
972544805082
972544805705
972544805800
972544805882
972544805993
972544806056
972544806100
972544806182
972544806201
972544806263
972544806682
972544807005
972544807117
972544807296
972544807400
972544807541
972544807564
972544807597
972544807833
972544808296
972544808645
972544808945
972544808986
972544809010
972544809191
972544809202
972544809907
972544809976
972544810002
972544810167
972544810241
972544810244
972544810605
972544810614
972544810675
972544810747
972544810962
972544811196
972544811252
972544811399
972544811440
972544811559
972544811561
972544811739
972544811890
972544812140
972544813489
972544813942
972544814420
972544814652
972544815137
972544815413
972544815549
972544816276
972544817237
972544817771
972544818223
972544818315
972544818371
972544818999
972544819596
972544819694
972544819705
972544819844
972544819922
972544819963
972544820135
972544820330
972544820355
972544820393
972544820506
972544820556
972544820593
972544821116
972544821338
972544821400
972544821438
972544821625
972544821646
972544821672
972544821867
972544821901
972544822687
972544822789
972544822796
972544823295
972544823315
972544823386
972544823426
972544823451
972544823459
972544823482
972544823892
972544823925
972544824082
972544824129
972544824179
972544824213
972544824666
972544824805
972544825029
972544825374
972544825379
972544825381
972544825707
972544825726
972544826121
972544826156
972544826241
972544826461
972544826552
972544826555
972544826748
972544827052
972544827078
972544827309
972544827351
972544827516
972544827530
972544827542
972544827557
972544827706
972544827729
972544828081
972544828176
972544828207
972544828220
972544828252
972544828362
972544828402
972544828455
972544828644
972544828702
972544828728
972544828806
972544828813
972544828817
972544829030
972544829059
972544829245
972544829277
972544829299
972544829737
972544829782
972544829854
972544829980
972544829990
972544830026
972544830138
972544830293
972544830516
972544830540
972544830601
972544830658
972544830710
972544830817
972544830840
972544830869
972544830914
972544830977
972544831011
972544831012
972544831123
972544831242
972544831285
972544831302
972544831319
972544831529
972544831711
972544831781
972544831822
972544831834
972544831844
972544832061
972544832133
972544832191
972544832248
972544832387
972544832440
972544832619
972544832627
972544832705
972544832859
972544832999
972544833336
972544833411
972544833686
972544833726
972544833757
972544834228
972544834404
972544834413
972544834537
972544834682
972544834696
972544834831
972544834910
972544834948
972544834960
972544835005
972544835096
972544835362
972544835584
972544835615
972544835709
972544835736
972544836046
972544836086
972544836103
972544836254
972544836296
972544836316
972544836501
972544836584
972544836607
972544836802
972544837099
972544837211
972544837627
972544837721
972544837880
972544838149
972544838226
972544838288
972544838572
972544838584
972544838683
972544838780
972544838810
972544838816
972544838857
972544838992
972544839633
972544839653
972544839706
972544839724
972544839800
972544839813
972544839833
972544839836
972544839837
972544840031
972544840657
972544840841
972544840914
972544840930
972544840935
972544841033
972544841277
972544841400
972544841622
972544841771
972544841785
972544841855
972544842061
972544842146
972544842171
972544842178
972544842552
972544842797
972544842822
972544843081
972544843397
972544843409
972544843466
972544843478
972544843636
972544843991
972544844282
972544844307
972544844350
972544844391
972544844410
972544844446
972544844506
972544844730
972544844852
972544845199
972544845779
972544845820
972544845826
972544845830
972544845889
972544846048
972544846642
972544846660
972544846741
972544846867
972544846985
972544847130
972544847142
972544847247
972544847720
972544847729
972544848143
972544848219
972544848273
972544848400
972544848433
972544848471
972544848517
972544849034
972544849237
972544849489
972544849492
972544849556
972544849639
972544850031
972544850038
972544850057
972544850118
972544850174
972544850263
972544850453
972544850525
972544850590
972544850716
972544851094
972544851165
972544851311
972544851464
972544851622
972544851650
972544851727
972544851757
972544851800
972544851920
972544851954
972544851967
972544851975
972544852199
972544852411
972544852736
972544852929
972544853057
972544853336
972544853382
972544853615
972544853634
972544853676
972544853682
972544853898
972544853940
972544854393
972544854456
972544854627
972544854817
972544854821
972544854856
972544854877
972544854967
972544855050
972544855163
972544855166
972544855210
972544855386
972544855581
972544855597
972544855724
972544855880
972544856064
972544856432
972544856632
972544856637
972544856647
972544856753
972544856901
972544856928
972544856949
972544857204
972544857437
972544857440
972544857656
972544857767
972544857781
972544857792
972544857802
972544858184
972544858243
972544858367
972544858370
972544858439
972544858442
972544858446
972544858507
972544858544
972544858554
972544858632
972544858796
972544858827
972544858908
972544858912
972544859159
972544859252
972544859817
972544860058
972544860080
972544860101
972544860124
972544860179
972544860230
972544860309
972544860572
972544860610
972544860639
972544860711
972544860730
972544860760
972544860941
972544860982
972544861097
972544861105
972544861160
972544861420
972544861470
972544861539
972544861604
972544861649
972544861727
972544861755
972544861767
972544861812
972544861991
972544862034
972544862049
972544862208
972544862231
972544862278
972544862309
972544862356
972544862359
972544862483
972544862496
972544862557
972544862568
972544862630
972544862680
972544862940
972544863105
972544863173
972544863189
972544863260
972544863353
972544863565
972544863606
972544863608
972544863630
972544863699
972544863803
972544864006
972544864205
972544864284
972544864293
972544864375
972544864401
972544864439
972544864480
972544864490
972544864719
972544864836
972544864837
972544864864
972544865386
972544865450
972544865524
972544865665
972544865779
972544865913
972544866051
972544866088
972544866095
972544866105
972544866203
972544866233
972544866264
972544866294
972544866394
972544866554
972544866654
972544866714
972544866737
972544866748
972544866777
972544866806
972544866853
972544866900
972544867300
972544867476
972544867533
972544867583
972544867681
972544867722
972544867847
972544867862
972544868045
972544868046
972544868063
972544868147
972544868157
972544868217
972544868218
972544868316
972544868333
972544868398
972544868455
972544868732
972544868734
972544868739
972544868820
972544868865
972544868870
972544868873
972544868960
972544869094
972544869128
972544869263
972544869265
972544869378
972544869380
972544869401
972544869403
972544869439
972544869481
972544869538
972544869590
972544869675
972544869727
972544869810
972544869872
972544869882
972544869885
972544869910
972544869982
972544870035
972544870134
972544870136
972544870227
972544870274
972544870429
972544870579
972544870607
972544870686
972544870770
972544870932
972544870969
972544871475
972544872067
972544872262
972544872350
972544872383
972544872402
972544872663
972544872883
972544872955
972544873007
972544873116
972544873310
972544873324
972544873336
972544873343
972544873601
972544873603
972544873604
972544873688
972544873742
972544873773
972544873789
972544873874
972544873903
972544873971
972544874027
972544874050
972544874101
972544874225
972544874390
972544874684
972544874730
972544874770
972544874873
972544875016
972544875180
972544875410
972544875487
972544875549
972544875650
972544875700
972544875775
972544875847
972544875991
972544876286
972544876317
972544876455
972544876576
972544876597
972544876709
972544876914
972544876972
972544877078
972544877206
972544877257
972544877274
972544877389
972544877419
972544877648
972544877664
972544877935
972544878314
972544878366
972544878418
972544878449
972544878557
972544878562
972544878624
972544878638
972544878651
972544878740
972544878856
972544878888
972544879061
972544879150
972544879155
972544879233
972544879306
972544879420
972544879461
972544879966
972544879971
972544879975
972544880083
972544880288
972544880313
972544880326
972544880351
972544880575
972544880752
972544880753
972544881092
972544881240
972544881443
972544881696
972544881705
972544881907
972544881993
972544882023
972544882106
972544882108
972544882244
972544882317
972544882407
972544882418
972544882509
972544882546
972544882987
972544883014
972544883085
972544883943
972544884034
972544884131
972544884416
972544884590
972544884919
972544885278
972544885360
972544885408
972544885505
972544885670
972544885715
972544885720
972544886053
972544886132
972544886304
972544886522
972544886534
972544886547
972544886932
972544887141
972544887469
972544887712
972544887722
972544887759
972544887802
972544888034
972544888038
972544888041
972544888089
972544888096
972544888155
972544888195
972544888196
972544888529
972544888597
972544888695
972544888772
972544889038
972544889173
972544889469
972544889498
972544889647
972544889694
972544889710
972544889792
972544889965
972544890013
972544890014
972544890049
972544890055
972544890056
972544890057
972544890293
972544890360
972544890371
972544890548
972544890613
972544891003
972544891134
972544891146
972544891238
972544891545
972544891677
972544891847
972544891998
972544892034
972544892245
972544892293
972544892342
972544892621
972544892623
972544892629
972544893227
972544893278
972544893369
972544893516
972544893711
972544894003
972544894079
972544894152
972544894174
972544894245
972544894284
972544894438
972544895252
972544895254
972544895262
972544895594
972544895980
972544896003
972544896234
972544896282
972544896513
972544896551
972544896635
972544896747
972544896760
972544896864
972544896966
972544897046
972544897085
972544897229
972544897407
972544897762
972544898003
972544898062
972544898243
972544898365
972544898488
972544898945
972544899043
972544899070
972544899357
972544899382
972544899480
972544899539
972544899600
972544899637
972544899664
972544899728
972544899773
972544899833
972544899931
972544900222
972544900435
972544900706
972544900748
972544901036
972544901493
972544901707
972544901749
972544902148
972544902178
972544902361
972544902392
972544902426
972544902701
972544902858
972544902898
972544903127
972544903336
972544903449
972544903688
972544903703
972544903704
972544903947
972544904195
972544904345
972544904874
972544905182
972544905381
972544905651
972544905654
972544905800
972544905922
972544905998
972544906148
972544906194
972544906195
972544906400
972544906401
972544906535
972544906738
972544907064
972544907178
972544907403
972544907508
972544907697
972544907804
972544907844
972544907878
972544908047
972544908053
972544908259
972544908278
972544908867
972544908951
972544909068
972544909075
972544909084
972544909178
972544909400
972544909633
972544909714
972544909981
972544910134
972544910238
972544910307
972544910516
972544910574
972544910606
972544910613
972544910820
972544910989
972544911162
972544911196
972544911251
972544911385
972544911479
972544911739
972544911939
972544911948
972544912008
972544912157
972544912223
972544912275
972544912299
972544912310
972544912383
972544912430
972544912563
972544912771
972544912883
972544912983
972544913044
972544913052
972544913104
972544913330
972544913339
972544913398
972544913451
972544913549
972544913834
972544913885
972544913977
972544913984
972544913992
972544914213
972544914472
972544914809
972544914974
972544915276
972544915312
972544915518
972544915761
972544915886
972544916143
972544916230
972544916263
972544916493
972544916623
972544916756
972544916879
972544917186
972544917273
972544917585
972544917696
972544917708
972544917742
972544917879
972544918009
972544918129
972544918517
972544918598
972544918671
972544918991
972544919028
972544919155
972544919310
972544919938
972544920076
972544920254
972544920351
972544920456
972544920459
972544920533
972544920753
972544920971
972544921837
972544922150
972544922724
972544922912
972544922922
972544923091
972544923492
972544924316
972544925047
972544925098
972544925249
972544925326
972544926046
972544926091
972544926888
972544927066
972544927802
972544927903
972544927943
972544928161
972544928492
972544928562
972544928580
972544928603
972544928853
972544928929
972544928988
972544928993
972544929096
972544929100
972544929183
972544929235
972544929293
972544929333
972544929348
972544929485
972544929564
972544929694
972544929763
972544929836
972544929879
972544929954
972544930191
972544930709
972544930783
972544930857
972544930916
972544931236
972544931317
972544931491
972544931522
972544931678
972544931976
972544932079
972544932314
972544932315
972544932655
972544932768
972544933410
972544933467
972544933549
972544933582
972544933690
972544933832
972544933926
972544933985
972544934171
972544934344
972544934463
972544934566
972544934579
972544934618
972544934619
972544934628
972544934694
972544934767
972544934887
972544935252
972544936231
972544936277
972544936296
972544936297
972544936302
972544936816
972544937031
972544937122
972544937518
972544937606
972544937662
972544937875
972544937988
972544938192
972544938314
972544938315
972544938397
972544938761
972544938794
972544938880
972544938976
972544939379
972544939434
972544939687
972544939776
972544939805
972544939929
972544940006
972544940007
972544940087
972544940112
972544940500
972544940704
972544940924
972544940973
972544941029
972544941068
972544941309
972544941573
972544941902
972544942091
972544942676
972544942923
972544943110
972544943122
972544943257
972544943981
972544944047
972544944085
972544944097
972544944101
972544944268
972544944315
972544944337
972544944555
972544944694
972544944703
972544944737
972544945157
972544945221
972544945286
972544945379
972544945429
972544945633
972544945724
972544945725
972544945791
972544945855
972544946020
972544946127
972544946509
972544946613
972544946720
972544947072
972544947193
972544947514
972544947618
972544947650
972544947808
972544947937
972544947945
972544948255
972544948384
972544948896
972544948988
972544949071
972544949197
972544949226
972544949254
972544949276
972544949289
972544949369
972544949395
972544949483
972544949549
972544949618
972544949637
972544949972
972544950208
972544950388
972544950651
972544950884
972544950953
972544951269
972544951557
972544951599
972544952040
972544953011
972544953099
972544953125
972544953264
972544953655
972544953737
972544954187
972544954248
972544955527
972544955704
972544955736
972544955856
972544955994
972544956384
972544956481
972544956599
972544956659
972544956768
972544957145
972544957152
972544957617
972544958077
972544958731
972544958860
972544959055
972544959170
972544959389
972544959396
972544959901
972544959926
972544960099
972544960149
972544960315
972544960386
972544960635
972544960687
972544960790
972544960841
972544960916
972544960948
972544960958
972544961332
972544962143
972544962193
972544962484
972544962500
972544962512
972544962519
972544962830
972544962888
972544962962
972544963079
972544963108
972544963243
972544963410
972544963511
972544963522
972544963547
972544963690
972544964008
972544964027
972544964058
972544964141
972544964262
972544964541
972544964595
972544964759
972544964957
972544965134
972544965283
972544965505
972544965602
972544965707
972544966044
972544966085
972544966145
972544966236
972544966390
972544966450
972544966460
972544966602
972544966796
972544966803
972544966817
972544966957
972544967097
972544967123
972544967212
972544967272
972544967331
972544967337
972544967463
972544967801
972544968070
972544968420
972544968553
972544968724
972544968730
972544968779
972544969030
972544969032
972544969140
972544969288
972544969472
972544969612
972544969657
972544969709
972544969816
972544969851
972544970005
972544970031
972544970255
972544970275
972544970276
972544970386
972544970603
972544970604
972544970799
972544970801
972544970825
972544970829
972544970859
972544970895
972544970921
972544970971
972544971226
972544971644
972544971696
972544971950
972544971976
972544972343
972544972540
972544972680
972544972710
972544973087
972544973103
972544973322
972544973616
972544973619
972544973664
972544973665
972544973695
972544973742
972544973914
972544974424
972544974618
972544974646
972544974860
972544974862
972544974949
972544975069
972544975649
972544975945
972544976044
972544976247
972544976248
972544976354
972544976505
972544976532
972544977001
972544977003
972544977093
972544977094
972544977108
972544977135
972544977155
972544977170
972544977181
972544977253
972544977297
972544977350
972544977449
972544977496
972544977497
972544977588
972544977628
972544977652
972544977936
972544977960
972544978165
972544978378
972544978456
972544978535
972544978582
972544978656
972544978675
972544979225
972544979438
972544979463
972544979580
972544979909
972544980036
972544980576
972544980978
972544981077
972544981224
972544981355
972544981357
972544981576
972544981594
972544981595
972544981871
972544982271
972544982701
972544982767
972544982835
972544983959
972544983987
972544983989
972544984362
972544984530
972544985122
972544985381
972544985547
972544985673
972544985721
972544985787
972544985856
972544985888
972544986137
972544986350
972544986914
972544986915
972544986971
972544987012
972544987469
972544987662
972544987721
972544987808
972544987896
972544988119
972544988171
972544988210
972544988240
972544988252
972544988309
972544988403
972544988794
972544989159
972544989181
972544989826
972544990027
972544990082
972544990184
972544990311
972544990367
972544990545
972544990548
972544990609
972544990685
972544990686
972544990780
972544990787
972544990790
972544990791
972544990798
972544990799
972544990807
972544990843
972544990897
972544990919
972544991171
972544991298
972544991332
972544991951
972544992170
972544992262
972544992380
972544992632
972544992685
972544992806
972544992930
972544992936
972544992938
972544993114
972544993261
972544993492
972544993640
972544994428
972544994684
972544995074
972544995262
972544995357
972544995364
972544995383
972544995441
972544995477
972544995883
972544996470
972544996636
972544996879
972544996938
972544997385
972544997908
972544998023
972544998066
972544998247
972544998309
972544998332
972544998424
972544998746
972544998762
972544998944
972544999021
972544999120
972544999288
972544999600
972544999709
972544999747
972545025617
972545050083
972545060700
972545105082
972545105491
972545200079
972545200129
972545200354
972545200356
972545200749
972545200767
972545201075
972545201220
972545201252
972545201271
972545201457
972545201458
972545201479
972545201616
972545201780
972545202009
972545202027
972545202284
972545202285
972545202302
972545202577
972545202600
972545202605
972545202825
972545202940
972545202986
972545203303
972545203393
972545203540
972545203580
972545203647
972545203917
972545203918
972545204100
972545204107
972545204306
972545204586
972545204708
972545204774
972545204874
972545205018
972545205457
972545205485
972545205501
972545205506
972545205697
972545205741
972545205813
972545206054
972545206076
972545206214
972545206336
972545206368
972545206689
972545206717
972545206827
972545206839
972545206899
972545207403
972545207434
972545207514
972545207943
972545207975
972545208132
972545208870
972545209107
972545209127
972545209227
972545209499
972545209859
972545210035
972545210056
972545210154
972545210209
972545210285
972545210430
972545210493
972545210500
972545210988
972545211032
972545211042
972545211241
972545211272
972545211417
972545211516
972545211524
972545211531
972545211532
972545211700
972545211755
972545211804
972545211877
972545212044
972545212208
972545212584
972545212640
972545212908
972545212967
972545213299
972545213557
972545213603
972545213621
972545213672
972545213746
972545214187
972545214232
972545214720
972545214786
972545214827
972545215114
972545216001
972545216069
972545216074
972545216218
972545216237
972545216663
972545216931
972545216984
972545217512
972545217705
972545217876
972545217981
972545218025
972545218197
972545218294
972545218330
972545218337
972545218656
972545218784
972545219008
972545219011
972545219012
972545219043
972545219146
972545219651
972545219978
972545219993
972545220098
972545220160
972545220184
972545220276
972545220404
972545220446
972545221154
972545221158
972545221274
972545221291
972545221405
972545221665
972545222268
972545222366
972545222377
972545222493
972545222615
972545222661
972545222974
972545223060
972545223067
972545223070
972545223086
972545223093
972545223200
972545223222
972545223312
972545223461
972545223665
972545223668
972545223743
972545223780
972545223943
972545224262
972545224299
972545224351
972545224385
972545224398
972545224635
972545224660
972545224789
972545225881
972545226490
972545227414
972545227415
972545227508
972545227567
972545227585
972545227716
972545227792
972545227872
972545228088
972545228179
972545228473
972545228817
972545229172
972545229290
972545229433
972545229563
972545229618
972545229667
972545229804
972545230124
972545230226
972545230372
972545230870
972545230889
972545230989
972545231145
972545231201
972545231255
972545231473
972545231516
972545231620
972545231635
972545231636
972545231645
972545231656
972545231681
972545231690
972545231771
972545231790
972545231791
972545231792
972545231793
972545231829
972545231838
972545231843
972545231899
972545231922
972545232023
972545232220
972545232403
972545232404
972545232429
972545232585
972545232589
972545232721
972545232905
972545232918
972545233389
972545233443
972545233511
972545233608
972545233629
972545233644
972545233677
972545233876
972545234091
972545234288
972545234303
972545234574
972545234580
972545234819
972545234843
972545234958
972545234968
972545235085
972545235096
972545235125
972545235130
972545235139
972545235143
972545235225
972545235287
972545235322
972545235375
972545235462
972545235547
972545235604
972545235703
972545235771
972545235902
972545235973
972545235989
972545236200
972545236233
972545236246
972545236333
972545236628
972545236776
972545236948
972545237140
972545237371
972545237487
972545237727
972545237770
972545238188
972545238355
972545238361
972545238611
972545238722
972545239092
972545239191
972545239317
972545239385
972545239504
972545239607
972545240066
972545240165
972545240222
972545240284
972545240314
972545240356
972545240888
972545240917
972545240938
972545241189
972545241289
972545241305
972545242007
972545242965
972545243031
972545243262
972545243308
972545243541
972545243582
972545243586
972545243655
972545243764
972545243910
972545243935
972545244059
972545244088
972545244199
972545244435
972545244493
972545244557
972545244737
972545244760
972545244814
972545244997
972545245010
972545245468
972545245608
972545245941
972545246063
972545246122
972545246143
972545246231
972545246269
972545246345
972545246366
972545246367
972545246368
972545246507
972545246508
972545246509
972545246602
972545246690
972545246805
972545246806
972545246810
972545246845
972545246999
972545247630
972545247830
972545247850
972545247909
972545247944
972545247997
972545248309
972545248435
972545248510
972545248511
972545248513
972545248626
972545248922
972545249022
972545249105
972545249453
972545249600
972545249609
972545249930
972545249959
972545249976
972545250219
972545250295
972545250367
972545251065
972545251086
972545251147
972545251402
972545251432
972545251455
972545251505
972545251728
972545252130
972545252456
972545252515
972545252601
972545252629
972545252665
972545252938
972545252948
972545252951
972545252953
972545252968
972545253002
972545253011
972545253039
972545253106
972545253218
972545253226
972545253434
972545253665
972545253771
972545253855
972545253956
972545253964
972545253977
972545253984
972545253997
972545254031
972545254087
972545254112
972545254139
972545254145
972545254167
972545254218
972545254244
972545254307
972545254333
972545254411
972545254556
972545254589
972545255205
972545255346
972545255347
972545255462
972545255485
972545255569
972545255578
972545255670
972545255755
972545255770
972545255846
972545255900
972545256019
972545256063
972545256170
972545256231
972545256285
972545256364
972545256389
972545256644
972545256695
972545256749
972545256780
972545257048
972545257071
972545257179
972545257226
972545257284
972545257288
972545257297
972545257374
972545257378
972545257434
972545258351
972545258464
972545258953
972545259017
972545259050
972545259097
972545259132
972545259141
972545259198
972545259465
972545259470
972545260011
972545260013
972545260049
972545260336
972545260396
972545260600
972545260656
972545260686
972545260962
972545261097
972545261130
972545261208
972545261397
972545261888
972545261895
972545261978
972545262001
972545262039
972545262056
972545262065
972545262192
972545262235
972545262366
972545262527
972545262791
972545262810
972545262863
972545263164
972545263453
972545263459
972545263503
972545263909
972545263968
972545263998
972545264106
972545264207
972545264215
972545264649
972545264778
972545265070
972545265102
972545265218
972545265355
972545265500
972545265700
972545266012
972545266117
972545266133
972545266153
972545266181
972545266280
972545266561
972545266592
972545266603
972545266752
972545266800
972545266856
972545267706
972545268036
972545268125
972545268364
972545268406
972545268915
972545269123
972545269138
972545269330
972545269344
972545269722
972545269821
972545269915
972545270000
972545270053
972545270080
972545270540
972545270689
972545270863
972545270959
972545271229
972545271518
972545271585
972545271797
972545271874
972545271878
972545272328
972545272870
972545272887
972545272995
972545273033
972545273278
972545273330
972545273514
972545274032
972545274156
972545274294
972545274440
972545274483
972545274491
972545274515
972545274532
972545274598
972545275003
972545275313
972545275340
972545275765
972545276390
972545276630
972545276636
972545276665
972545276689
972545276959
972545276995
972545277028
972545277043
972545277211
972545277339
972545277425
972545277565
972545277643
972545277703
972545277733
972545277880
972545277962
972545278030
972545278196
972545278369
972545278433
972545278586
972545278833
972545278892
972545278978
972545279026
972545279271
972545279501
972545279588
972545279811
972545279820
972545279992
972545280014
972545280127
972545280234
972545288064
972545288125
972545288307
972545289533
972545289803
972545290240
972545290292
972545290473
972545290655
972545290938
972545290956
972545291082
972545291235
972545291354
972545291372
972545291592
972545291697
972545291757
972545291780
972545291886
972545292117
972545292370
972545292652
972545292750
972545292820
972545292867
972545293064
972545293170
972545293306
972545293315
972545293429
972545293439
972545293549
972545293578
972545293704
972545293717
972545293972
972545293997
972545294186
972545294307
972545294353
972545294374
972545294448
972545294780
972545294940
972545295000
972545295254
972545295290
972545295722
972545295937
972545296024
972545296092
972545296200
972545296347
972545296456
972545296709
972545296918
972545296924
972545296951
972545297136
972545297243
972545297381
972545297528
972545297652
972545297686
972545297755
972545297771
972545297889
972545297944
972545298142
972545298370
972545298436
972545298498
972545298579
972545298744
972545298937
972545299229
972545300020
972545300048
972545300333
972545300392
972545300398
972545300506
972545300868
972545301037
972545301228
972545301251
972545301357
972545301359
972545301717
972545301740
972545301774
972545301777
972545302120
972545302223
972545302295
972545302333
972545302991
972545303197
972545303451
972545303865
972545303907
972545303984
972545304120
972545304777
972545304830
972545304855
972545304970
972545305203
972545305322
972545305332
972545305337
972545305399
972545305494
972545305680
972545305782
972545305986
972545306005
972545306012
972545306063
972545306083
972545306445
972545307023
972545307137
972545307373
972545307434
972545307686
972545307996
972545308026
972545308077
972545308086
972545308123
972545308280
972545308360
972545308724
972545308858
972545308950
972545309344
972545309456
972545309828
972545310058
972545310059
972545310282
972545310310
972545310312
972545310315
972545310485
972545310839
972545311078
972545311351
972545311389
972545311484
972545311494
972545311579
972545311639
972545311918
972545312071
972545312170
972545312265
972545312929
972545313060
972545313073
972545313076
972545313179
972545313604
972545313637
972545313730
972545313735
972545313741
972545313742
972545313753
972545314046
972545314140
972545314433
972545314498
972545314609
972545314754
972545314777
972545315035
972545315440
972545315516
972545315713
972545315765
972545315847
972545315863
972545315893
972545315939
972545315990
972545316097
972545316141
972545316371
972545316471
972545316791
972545316873
972545317176
972545317408
972545317569
972545317747
972545317949
972545317976
972545318073
972545318092
972545318227
972545318557
972545318761
972545319072
972545319084
972545319131
972545319377
972545319463
972545319587
972545319608
972545319664
972545319739
972545319754
972545319950
972545320102
972545320304
972545320352
972545320485
972545320664
972545320702
972545320734
972545320855
972545321005
972545321034
972545321049
972545321069
972545321117
972545321131
972545321189
972545321258
972545321303
972545321334
972545321830
972545321880
972545321881
972545322517
972545322627
972545322709
972545322760
972545322826
972545322843
972545322881
972545322990
972545323153
972545323352
972545323967
972545323998
972545324138
972545324259
972545324276
972545324401
972545324587
972545324828
972545325002
972545325033
972545325135
972545325261
972545325514
972545325592
972545325671
972545325812
972545325816
972545325829
972545325860
972545326519
972545326683
972545326797
972545327242
972545327401
972545327516
972545327581
972545327759
972545328247
972545328257
972545328418
972545328512
972545328806
972545328875
972545329175
972545329234
972545329299
972545329388
972545329963
972545330021
972545330029
972545330046
972545330169
972545330189
972545330337
972545330461
972545330708
972545330786
972545330960
972545331058
972545331314
972545331431
972545331441
972545331527
972545331560
972545331634
972545331665
972545331746
972545331921
972545331945
972545332015
972545332016
972545332354
972545332439
972545332501
972545332535
972545332631
972545332632
972545332735
972545332799
972545333061
972545333062
972545333063
972545333212
972545333225
972545333922
972545333927
972545333931
972545333937
972545333943
972545333954
972545333970
972545333993
972545334122
972545334276
972545334446
972545334486
972545334487
972545334517
972545334683
972545334809
972545335211
972545335287
972545335326
972545335513
972545335521
972545335523
972545335538
972545335542
972545335567
972545335598
972545335606
972545335636
972545335659
972545335693
972545335733
972545335892
972545336190
972545336297
972545336432
972545336498
972545336597
972545336599
972545336613
972545336668
972545336676
972545336783
972545336854
972545336937
972545337098
972545337162
972545337322
972545337369
972545337422
972545337423
972545337478
972545337582
972545337651
972545337952
972545338055
972545338147
972545338435
972545338466
972545338689
972545338755
972545339024
972545339031
972545339059
972545339280
972545339444
972545339456
972545339551
972545339609
972545339770
972545339991
972545339994
972545340063
972545340126
972545340130
972545340155
972545340419
972545340435
972545340742
972545340888
972545340983
972545340999
972545341220
972545341403
972545341490
972545341815
972545341877
972545342142
972545342362
972545342475
972545342818
972545342899
972545343011
972545343344
972545343364
972545343395
972545343525
972545343873
972545344107
972545344116
972545344147
972545344209
972545344289
972545344400
972545344468
972545344596
972545344616
972545344684
972545344893
972545345166
972545345197
972545345308
972545345309
972545345352
972545345506
972545345696
972545345790
972545345827
972545345840
972545346097
972545346125
972545346207
972545346330
972545346411
972545346509
972545346581
972545346601
972545346627
972545346702
972545346824
972545347265
972545347308
972545347811
972545348006
972545348355
972545348648
972545348759
972545349387
972545349515
972545349520
972545349524
972545349552
972545349686
972545349743
972545350122
972545350150
972545350173
972545350343
972545350748
972545351001
972545351055
972545351139
972545351205
972545351259
972545351327
972545351332
972545351430
972545351492
972545351544
972545351968
972545352019
972545352042
972545352048
972545352233
972545352523
972545352667
972545352680
972545352683
972545353050
972545353081
972545353082
972545353100
972545353300
972545353301
972545353302
972545353312
972545353348
972545353676
972545353806
972545353913
972545354085
972545354145
972545354202
972545354306
972545354451
972545354554
972545354798
972545355125
972545355155
972545355324
972545355435
972545355667
972545355679
972545355708
972545355860
972545355894
972545355929
972545355958
972545356053
972545356175
972545356473
972545356724
972545356854
972545357104
972545357253
972545357713
972545357726
972545357770
972545357865
972545357983
972545358017
972545358207
972545358328
972545358481
972545358482
972545358556
972545358702
972545358740
972545358751
972545358807
972545358899
972545358911
972545359004
972545359036
972545359147
972545359191
972545359648
972545360149
972545360171
972545360263
972545360310
972545360366
972545360372
972545360553
972545360700
972545360701
972545360990
972545361165
972545361415
972545361612
972545361635
972545361838
972545361884
972545362145
972545362603
972545362786
972545362932
972545363177
972545363410
972545363460
972545363683
972545363769
972545363816
972545363895
972545363977
972545363989
972545363999
972545364187
972545364197
972545364474
972544470875
972544470926
972544470960
972544471013
972544470875
972544470926
972544470960
972544471013
972544470875
972544470926
972544470960
972544471013
972544470875
972544470926
972544470960
972544471013
978944103
1897136908
651390473
5893684274
5994324204
6628931570
6999753276
1664310688
6450363603
5637877279
1406420763
6987250374
5533027432
5762517365
6599896462
7294644179
1820170254
6527791169
1424758624
634560917
978944103
1897136908
651390473
5893684274
5994324204
6628931570
6999753276
1664310688
6450363603
5637877279
1406420763
6987250374
5533027432
5762517365
6599896462
7294644179
+978944103
+1897136908
+651390473
+5893684274
+972544470875
+972544470926
+972544470960
+972544471013
+972544471043
+972544471048
+972544471057
+972544471127
+972544471210
+972544471216
+972544471334
+972544471341
+972544470875
+972544470926
+972544470960
+972544471013
+972544470875
+972544470926
+972544470960
+972544471013
+972544470875
+972544470926
+972544470960
+972544471013
978944103
1897136908
651390473
5893684274
+972544470875
+972544470926
+972544470960
+972544471013
+972544470875
+972544470926
+972544470960
+972544471013
+972544470875
+972544470926
+972544470960
+972544471013
+972544470875
+972544470926
+972544470960
+972544471013
+972544471048
+972544471057
+972544471334
+972544471048
+972544471057
+972544471334
+972544471775
+972544471889
+972544472058
972544470875
972544470926
972544470960
972544471013
978944103
1897136908
651390473
5893684274
